CPA_LIAO
15140249748
15241798458
15140261646
15204049401
15142513048
15241797043
15204015473
15140173245
15142597948
15204041746
15241791747
15142585348
15140191463
15140237876
15241791497
15140265041
15204084482
15204057842
15140275747
15140247047
15204084942
15241806947
15142585540
15140235940
15140191647
15140191248
15142051046
15241806245
15140244642
15140293045
15142526747
15142594841
15140231640
15140147305
15140184020
15142576447
15204048646
15140278243
15140146949
15204020432
15140204648
15142540410
15204024481
15241820949
15142073746
15140147429
15142597428
15142005347
15204010542
15142542046
15204079041
15241807428
15241832862
15142099645
15140147372
15140233947
15140258440
15241810442
15204043242
15140157840
15204053056
15241790641
15140169348
15204097471
15142580347
15241795942
15142530463
15204060842
15142527548
15204096470
15140157749
15142526148
15241829841
15204019243
15142043741
15140147608
15140239540
15142002746
15204002410
15140254461
15204032443
15142027146
15204022406
15140295946
15142597346
15241829840
15140233418
15142050143
15140177442
15140213641
15140170349
15142548392
15140173542
15140211040
15140172943
15140237443
15140148740
15140160449
15204022041
15140170047
15142587545
15142082245
15241830246
15241801947
15142504845
15140165848
15142054642
15142515541
15140201241
15140280346
15140261942
15142031442
15241823240
15140166146
15142529740
15140195646
15204091248
15142042473
15140177247
15204051496
15142581241
15140247640
15204084453
15140297341
15204050491
15142055947
15241812748
15142548545
15140213683
15140171147
15140268546
15241835327
15241827545
15204039641
15140162449
15241805437
15241798407
15204088446
15241830747
15142597248
15204045642
15140216545
15204080442
15142033741
15241812142
15142517641
15140147050
15204039045
15241827043
15204055407
15241795428
15241812045
15140205493
15204036043
15140146469
15140204241
15142541867
15140221947
15142511747
15140159042
15140147490
15140171542
15204091043
15140287845
15140244431
15204049543
15142587141
15204058343
15241834462
15140176410
15140211647
15142506046
15204014472
15204041727
15204015450
15142555648
15142531240
15142593548
15142597746
15140282641
15142005447
15241791426
15140167449
15140229745
15142006043
15241800435
15204087941
15140286196
15204034428
15140168247
15140206142
15241817943
15140197045
15140284548
15241797947
15142048145
15241812432
15142055343
15241808452
15140180832
15140227547
15142055342
15241838847
15142570840
15241837436
15142546481
15140207049
15142544462
15241815947
15140265946
15142011982
15204029401
15140149232
15140227542
15241798546
15142502349
15142577941
15142001545
15142005543
15140251840
15140181343
15241838245
15142035420
15140230741
15142541346
15241796445
15241800240
15142056147
15204003401
15142504142
15140159041
15142001342
15142569643
15142034341
15241798346
15140229747
15241801487
15142071242
15241799447
15142005640
15142061301
15142085045
15204087132
15140229748
15142080949
15204057941
15204090943
15140186945
15204043047
15241834467
15140187743
15241804052
15142520248
15241800249
15142053545
15140167947
15140188356
15140269143
15142506347
15140246745
15241797046
15142573243
15204055340
15142042107
15142003142
15140208869
15142559749
15204027041
15142506147
15142054947
15241800142
15142001045
15241814418
15140248217
15140146545
15142504264
15140252407
15140236540
15140217647
15241831041
15241802141
15142508347
15204003428
15142573746
15140151246
15241806649
15140248405
15241836941
15204085148
15140244140
15140182349
15241790481
15140237341
15140268045
15241839442
15142569548
15241840485
15204028496
15140188446
15140224347
15140229765
15140159246
15140255841
15140297649
15241838547
15142567947
15140299849
15142587647
15140146503
15241800242
15142591540
15140262543
15204028440
15140162040
15241841079
15142069647
15140253949
15142035043
15204007242
15142025940
15241823740
15142070643
15241797406
15241810479
15140276547
15204098471
15140255046
15204044072
15142069448
15140249740
15204013489
15142015245
15140269849
15142036649
15140247840
15140148865
15241792347
15142541495
15140293447
15142549040
15204089040
15140215247
15204043497
15140264645
15204023349
15204031436
15142062248
15142583047
15142599746
15241792249
15140226379
15204045487
15142568961
15142525743
15142505843
15140263446
15140199749
15142030542
15142517145
15142534048
15204024143
15140224761
15142043095
15140147693
15140278947
15142527942
15142542247
15142002741
15140179443
15140206546
15140253940
15142541483
15204039465
15142067242
15140147657
15142547940
15140230448
15142026749
15142005341
15241817489
15140204842
15142562940
15142029247
15142048041
15142506643
15140252042
15142585342
15142035459
15142584641
15142071173
15241804860
15204033447
15204005043
15241833478
15142597240
15142529147
15140276147
15140192643
15140186846
15241808451
15142007049
15204018742
15204061431
15142005542
15140286240
15204017040
15142036296
15142541486
15142547453
15142559546
15142541941
15142032749
15241827448
15142520241
15140251437
15142551645
15241834143
15142068646
15140186147
15142040632
15142518249
15241799341
15142030441
15142050243
15204082430
15142567243
15140188442
15204045840
15241832540
15140258743
15142539241
15140235548
15241800446
15241828460
15142042549
15140147856
15142037347
15142573648
15142033040
15204054849
15142586749
15241797948
15140188540
15241826541
15140259047
15142568346
15140181648
15241796546
15241790949
15241810448
15241827946
15142563045
15140250947
15140259842
15204001546
15142554142
15142026940
15142551446
15142541263
15241801472
15204098453
15241800418
15241841026
15204002480
15241838453
15142515847
15140235047
15142595741
15204014041
15142043347
15142543945
15140249341
15140269646
15142535141
15142542749
15204077247
15204018451
15204080461
15142555847
15140186240
15241835649
15204080343
15241839740
15140262549
15142512742
15140190846
15142542349
15142503041
15140158348
15140294843
15142509549
15142036647
15241831240
15140216845
15241830647
15142516141
15204020943
15142566243
15241798542
15241831045
15241826940
15142547740
15140171545
15241830438
15142067949
15142596447
15142547842
15142037540
15241834547
15140295748
15142053427
15204019457
15142509048
15140271646
15140153242
15204017142
15241790487
15142521542
15142517243
15142066498
15142590046
15241840878
15140202645
15241800540
15140248447
15142076941
15140179341
15241826945
15140204748
15140220647
15142572747
15140244640
15204094245
15241811445
15241812470
15142504941
15140159645
15142553445
15204044512
15140163440
15204041571
15142549102
15140285246
15204080742
15204001423
15142068142
15142044543
15140279946
15140218443
15140149813
15140225481
15204092245
15140166343
15204016643
15241822040
15142596846
15142016047
15142040943
15241796548
15140189143
15142049312
15140266045
15142538243
15142542143
15140275048
15140263940
15140296146
15142091349
15204053640
15204041419
15142581842
15140170146
15140225946
15140190546
15140249408
15204078483
15142546465
15142037041
15142538545
15140274740
15140283748
15204017468
15142031242
15204018408
15204037446
15204044367
15142517147
15142011708
15140224140
15204001458
15142546472
15241827049
15140153141
15140249206
15142074045
15142011342
15142543878
15142002540
15140174167
15140211837
15140243542
15142027049
15204019406
15142522042
15204053242
15142519047
15140165141
15140224948
15204014437
15142546431
15204042406
15140196945
15140251043
15140185946
15140191140
15241792457
15204088865
15140277645
15140271549
15140169742
15204076243
15204043395
15204014475
15142551143
15142049840
15140225849
15241838408
15142514946
15140222040
15140156431
15140189547
15142563943
15140237261
15241793249
15142572941
15140217841
15140272285
15142053845
15142089347
15142504341
15142543243
15241795460
15204060140
15140226247
15142501047
15142546745
15241808349
15140156741
15140294245
15241814248
15241801425
15241804892
15142001320
15140220486
15140272543
15142503947
15204074460
15140195485
15142063640
15140176247
15142584403
15142541470
15241790740
15140224749
15204014043
15142548147
15241829441
15140196246
15142557040
15142553947
15204083416
15241824463
15142591949
15140277541
15204043429
15204042686
15241831426
15140287448
15142508445
15142535446
15142542042
15142065953
15140225419
15241838243
15204074842
15140288640
15142559141
15204018403
15142593442
15140229146
15142069843
15241832480
15140249340
15241811048
15142588043
15204091846
15142028312
15241827453
15142565840
15142520942
15140230145
15241818480
15241840739
15241792646
15142051348
15140217832
15140204340
15204083463
15140149195
15241841275
15241792418
15204045291
15140269471
15142030843
15142029647
15140283348
15241833495
15142502046
15241804398
15204055643
15204092146
15241833473
15241812435
15142513340
15142005746
15241828842
15241817340
15241792448
15204021435
15204017435
15142595848
15142052141
15204082495
15140159548
15140205760
15142586340
15241827242
15140223849
15204015246
15142069842
15142528441
15140172431
15140232945
15241793473
15204032420
15140268742
15142537240
15142551792
15142041847
15140178440
15204036461
15241812243
15142594046
15204083483
15241817476
15241828409
15140250047
15204006451
15241820540
15241803429
15140273421
15142088440
15142020348
15140157240
15204025481
15142523142
15142097849
15140230945
15204077141
15142575149
15140249348
15142536946
15241823407
15204023646
15142093447
15140276245
15142554541
15204045442
15140171142
15204076471
15241815439
15241838471
15140228729
15142006441
15241800847
15140273949
15140249145
15241841075
15140239747
15204041420
15142515478
15142590989
15241840842
15140221240
15140146842
15204017348
15241801946
15204083408
15140230443
15142576247
15142576141
15204003140
15241801949
15140178643
15241809645
15140235640
15142581846
15142088543
15204023545
15140185543
15204022748
15142515645
15140225243
15140229445
15142017840
15142549547
15140149425
15241792247
15140242401
15204046237
15140270846
15241809540
15140188649
15140218045
15140171043
15204021469
15241797467
15142564943
15142039447
15140228748
15241799462
15204007340
15140251047
15140239441
15140294840
15142540848
15142514947
15140237949
15204017470
15140146691
15204081470
15142586348
15142040141
15140230142
15142570043
15204006741
15241800427
15140185547
15140217459
15140296440
15241804982
15140186542
15204033480
15204051245
15241804045
15142517140
15142040245
15140283749
15142561749
15142058140
15140150035
15140162048
15204041708
15142048827
15142037142
15140269446
15140219125
15142547537
15142567347
15140227940
15142033543
15142550240
15142573547
15241792349
15140241439
15140269447
15140189056
15142543145
15140187346
15140269341
15140146897
15241804393
15142533245
15142040495
15142030540
15142578141
15140265446
15140147696
15140242349
15140268243
15142543698
15140201463
15140268047
15204022641
15142594240
15142570841
15142038491
15241796489
15140252346
15241791040
15204030478
15140217642
15140190646
15142534249
15142078347
15204050949
15140199347
15204085742
15140299343
15142038478
15142576946
15140281065
15140250849
15140246647
15142054145
15140188348
15142584142
15142049941
15140218747
15204093641
15241804530
15241813435
15241801460
15142036948
15142041447
15140263445
15241799247
15140276346
15140195841
15241807421
15142011543
15204083942
15140171049
15204044213
15241810948
15142038249
15241797042
15142571448
15140146558
15142535748
15140223440
15241802431
15142583145
15142598347
15140263845
15142558243
15142003048
15140284043
15140275440
15241829046
15204020421
15142564547
15204021440
15140200541
15140163348
15204086546
15204003849
15204086249
15204044946
15142037641
15241798949
15140273940
15204042458
15140156492
15140187540
15142508241
15142039140
15142576541
15142545647
15142054742
15204042490
15142520641
15142042440
15140199427
15241835442
15142037032
15241802347
15204062446
15204088475
15142509608
15140261047
15140213549
15142535248
15140196346
15140280146
15142036445
15241799473
15140260495
15241821742
15241841273
15241833945
15140260943
15204029479
15204044439
15140156341
15140297645
15241800457
15140228649
15142569241
15142063431
15241797942
15241831445
15204019410
15142540642
15204047241
15140217843
15140210445
15204027486
15142050842
15142068772
15140246037
15140291540
15204090648
15204028342
15241840887
15241828412
15140187847
15142526143
15142096946
15140217042
15241829241
15204098240
15142554041
15241823546
15241839495
15142539746
15142531643
15142094482
15142589040
15142562043
15142516142
15204046491
15140171548
15142547483
15142511046
15142567042
15140269848
15204060847
15140184942
15142561741
15142510449
15140244240
15142529439
15241840875
15142005648
15142031745
15140190130
15140273541
15241835948
15241834247
15241808449
15140189747
15140278441
15140160848
15142572356
15241791405
15142052148
15140249347
15140146407
15142552749
15204013472
15241792845
15241798745
15140148405
15140153745
15142577043
15142563140
15140249895
15140211843
15140277240
15140194046
15142553041
15142553742
15140293696
15142054459
15140282141
15140296140
15204084940
15140195486
15140215849
15241832140
15142509946
15142543648
15204018421
15241835461
15140189740
15140269247
15140204575
15241840961
15241800497
15241791415
15140201145
15140155749
15142568240
15142508043
15142561052
15140147545
15140261742
15140185848
15142055546
15140286642
15204091340
15142576749
15142011242
15204043461
15142590047
15204042429
15241796340
15142552745
15140277946
15140283541
15241796542
15140290541
15142050429
15140202436
15142530248
15140194476
15140260047
15142513649
15140151645
15241800443
15204004415
15241829141
15142554841
15140289541
15204093408
15241816049
15142541241
15140152540
15142007341
15140195982
15204047746
15140262852
15142567943
15140250446
15142051042
15142588643
15142005259
15142591849
15241790845
15140193547
15142583645
15140265641
15204001430
15241801547
15142568040
15142527347
15142001346
15241839841
15241791450
15140197847
15204005242
15142517448
15142504540
15142546423
15140288041
15142566046
15142001546
15241795040
15140251342
15140198142
15241812417
15142553049
15204095647
15142563640
15140294241
15142050659
15142542416
15142504643
15142030349
15142010543
15204097145
15142065346
15142517247
15241831346
15142549420
15142042827
15140288045
15142519143
15241797440
15142002046
15241836242
15140281028
15241841249
15140149848
15140149545
15241837451
15204028846
15241823140
15140195642
15241800642
15142005443
15140247845
15140280249
15140250743
15241827750
15241828471
15142506743
15241795452
15142043142
15140292048
15142572041
15142503548
15142007548
15142547029
15241836437
15241833247
15241796459
15241798040
15142549407
15140185148
15140190149
15140210471
15142579547
15140258248
15241841261
15142566343
15140291646
15142551042
15140239641
15140156545
15142007940
15142501842
15142096649
15204078437
15241829741
15241798941
15140295140
15140233949
15140152743
15241840729
15140195743
15204034041
15204024048
15241837249
15204062249
15142560540
15241793481
15140178347
15140195142
15204014642
15142030621
15142049091
15241837343
15241795410
15142067140
15140250041
15140184947
15140153746
15204044496
15142569942
15204091408
15204001478
15142554249
15140295245
15140239743
15140194849
15204024467
15142502141
15204001146
15142574549
15142576640
15140287949
15140171347
15204052846
15142543978
15241791847
15140248807
15241829480
15142547496
15140151049
15140234346
15140154640
15204047317
15142046679
15140246643
15142042403
15140239945
15140153549
15142526445
15204005145
15140244341
15204006245
15142514843
15142575341
15142509249
15140239749
15204091147
15142547748
15142033640
15241841018
15204006241
15142596442
15142562542
15140194640
15204010460
15142593549
15140187746
15142502541
15140299842
15140232846
15140193746
15204027442
15241812440
15140280540
15142593942
15142562449
15140290442
15140191502
15140151846
15204009429
15204040648
15142553749
15142057341
15142576047
15241791249
15140191347
15140152742
15142560748
15142541148
15142046442
15140290142
15140241641
15140155546
15204007431
15142031146
15142505043
15142542261
15142549195
15140239545
15140199542
15204017649
15204004490
15204091470
15142089448
15140187949
15140153346
15142029192
15241817483
15140149640
15142090340
15142509245
15140282921
15204041849
15142501540
15140290749
15142062447
15140288946
15140178442
15140199942
15241800140
15142054689
15142056940
15142558148
15142501427
15140156348
15142030142
15241791049
15142536847
15204001406
15140295096
15142545421
15140194041
15140260242
15204013746
15140150640
15241794143
15142091449
15140153442
15140284645
15140207243
15142555480
15241830415
15140295742
15140234843
15142573432
15140163042
15241792047
15204039240
15140260348
15142520041
15140163040
15204094840
15142061425
15142029847
15204098425
15142061042
15140223342
15140157448
15204091475
15241831478
15142513449
15204094248
15140158248
15204026642
15204043642
15241804636
15140160646
15204027749
15241794429
15204093483
15241793439
15142517745
15140161448
15140247148
15204017452
15140252543
15142525443
15140159318
15142043371
15204005479
15140255146
15142546418
15140255407
15140185642
15140246341
15142503645
15241800745
15204044881
15140252443
15140159943
15241838142
15142085141
15142547062
15140157543
15204001740
15142069549
15142060949
15142567341
15142578947
15140255640
15142068342
15140250246
15204081245
15204083247
15140240242
15142084940
15241799549
15241798247
15140211443
15204080416
15142583146
15142552548
15241818143
15140244741
15142538043
15142550245
15241804275
15204059946
15142587340
15142007142
15142048047
15140294741
15142518645
15140158745
15204028407
15142018245
15204099479
15204016425
15140236641
15142522748
15140197443
15142545347
15140248746
15204086846
15142506947
15142589319
15142007348
15241805746
15142576347
15142054476
15142518948
15204023648
15241827416
15142593647
15142504348
15142594041
15142055842
15140244490
15140155147
15142046902
15241812471
15241808841
15241800491
15241809447
15142020847
15241838406
15142005849
15142506943
15241840506
15142500946
15142504346
15142563241
15142513038
15241837418
15241832429
15241838486
15142502243
15142056741
15241839141
15241840825
15204044026
15204001347
15241841065
15142575340
15142019740
15140149439
15241792742
15142089848
15204022940
15204088428
15142021742
15204095473
15142045041