CPA_MOBILE
13401949350
15996263346
18261145650
15805180799
15295557184
13585148454
18260414846
15062219573
18351877494
15951815814
15251868725
15996272461
13770622864
15252461631
13701450557
13401948754
15261875654
15251887724
18252044454
13401949353
13404130400
18261145651
15205190650
18252022486
13585148436
15295584544
15951983884
18351877491
13776641256
13921434965
13770620149
15252461523
13585141803
13401948775
13776411075
15295599495
15251897015
18260058764
15996263544
13404130426
15251834921
15720823354
13404149427
18252022467
18724003754
15295584627
18351877413
13401948733
15996260924
15251891292
18260416377
15105193325
15062274254
15261864244
13921430235
13404147102
18252022491
13770623043
15950588224
18752022466
13585143171
13701454151
15251875414
15251834278
13776641540
13401948620
18305140475
18260058744
13404130749
13914741195
18260024786
15861814047
15205165411
18261145910
18252040237
15251828552
13770623054
18724002825
15951836624
15252466239
15996274403
18261145918
13585143187
15051840261
18752022420
13404171589
18351449612
13584036010
13401948797
15951864450
18260058841
15805189622
13914742674
15261865604
15996290014
13815411854
15261864216
15261892784
18252040231
15251888169
18724003142
18795966072
15951814930
18795966726
15996271464
18261145758
13585145227
18752022400
15205199146
18351009409
13776642232
13404175687
15251888050
18351877924
13404132905
13404165627
18260405920
15261865504
13814540649
18261145909
15251893997
15251878061
18724003526
13584043522
13585141723
13701451384
18248795070
15051840245
18752022334
18205184659
15724874732
15252463650
13776642189
18351899904
15205164079
18248789234
15252467032
15261864217
15724874039
15295550454
13404164266
13770831864
15720821407
15251898319
13814540223
18795961837
18752022142
18260408708
18251848772
18260415672
13404170809
18795963980
15951835471
15850589914
15805189457
18795970410
15251869646
15951906141
13776641250
18752022094
18260408561
15251834108
13770842246
13776642241
13404175711
18260047092
15295599489
15295598684
13451843534
13776411857
15951835401
18724004104
18351876546
13404164570
18351878403
15251862484
13851943852
15951984532
15252467134
18761641413
13921430135
13404146249
18795962793
15951835452
15805180143
15261895184
18795962056
18205184493
15062221864
18795965891
18795962607
15261852525
15951855164
13776641254
18260004383
18752021949
18260408692
15062219685
18205171470
15261406685
18351899842
15205181393
13584053314
15251829689
15094304758
18205148941
13921436401
15996290784
15251835927
15951838149
18761641358
13404170850
18795966062
13584037831
18795965039
13770942385
18362966249
18724002392
13851944791
15261895410
15251888099
13914744746
18205184490
15251888263
13814546263
18261145921
15205191238
18795966831
15252464573
18761845895
18260408369
15951855014
13921433182
18795964873
15251888739
13405876931
18248793436
13585145450
18260059340
15261874245
15251895070
18752021954
18260408683
15861811421
15895878040
15251888034
15205199217
15251888520
13776644164
15251834253
13770842473
15261461395
18252020034
18351899940
15950575407
15805189909
13405848334
13404171299
15251834505
13914742594
18251974381
18248790745
18248789192
13914713469
13851944407
13770620641
13585142947
15252465843
18795959424
15951838142
18761842874
18761641272
18260407708
15251884856
13404147068
18795965797
13584037715
15805181672
15205196692
13770942392
15251829509
18795966912
13404141773
18362966493
18724003465
15850589964
13401948232
15261895546
15251888015
15951819014
13815413482
18205183094
18795974771
13814546253
18260408543
15805183142
18795966329
15205193036
18761846251
18260408368
15261852472
15951855943
13675122743
15205180184
15251887492
13405876912
15951824307
15250987747
15261874485
15805189496
18795950849
18260408718
15996267403
15805181047
18795967017
15205193392
13776644172
18795842935
18705148643
18252020401
15895974271
15996274157
13405848314
18252042187
13584053241
13404173620
18795966387
15251878604
13404132920
15094304808
18248789193
15251862294
15295599491
15720820042
13701460977
15205199727
18795959423
13770543207
18761641297
18205141510
15724881489
13404146866
13776411826
15251869556
18260052304
18795966455
18795963982
13404145298
18362966694
15850589984
13401948259
18351876549
13914744804
18248798277
18795962285
18260408547
15062262595
15205182415
18761846419
18261147691
15951906164
13675122746
18795966950
13405877132
15951824304
15295557343
18795972212
18752022143
18205191436
13851943352
15205182556
18795966223
15805184677
13776644231
15205177225
15261468175
18260002834
18761845502
15950587457
15252465681
13405848994
15951819364
13404173309
15805189079
15251878543
13401948381
18248790963
18248789187
13914713467
15720820504
13770620654
15251839116
15195994969
15951838114
18761841718
18252060483
15724881492
13404149436
15951834875
15251898594
18260056490
15805181901
13404140214
18724001978
15295508479
15261895466
15805180434
13770941126
13814546872
15251887947
13814546243
18260408549
15805183148
15251888917
18761846004
15261852743
15951904469
18795965263
13405877167
15951821754
15250987940
15295557421
13404152835
18795950949
18260401969
15895874534
18795965810
15251888094
18260032148
15205177244
18761845309
15950575325
13405849264
13404132800
15951819461
15251878497
15094304828
18260408579
18248789201
15251862462
15996290143
13770623464
13776410224
15251883425
18761845396
18252060480
18205148136
13404164215
15251888662
15951835412
15805188474
18260052342
13404140466
18362966584
18724002618
18351885944
15261895423
15251898187
13770941121
18205178043
18260408358
18795962280
18761845976
18261147608
15805189800
15951904463
15251887303
15951824297
15951908740
15250987549
18260059447
15805183643
18752022184
18351874991
13814546059
15205193287
15251868330
13815402170
13776644327
15951818343
15261468773
18761845563
13770836943
15996274139
13815415036
13404173057
15951819394
13675124562
15105194031
15261853649
13401948409
15720823245
18260408355
15251862431
15996290435
13770623465
15251880864
13404170771
18752024312
15251882629
15805189784
15251888427
13401948594
18362966544
13401948244
15205196340
18761679943
15252466641
18205148303
15252467417
18761840946
18261147599
15951904459
13675122874
15251893454
15205162419
18705148296
15251839469
15251888712
13770621225
18351874843
18795950443
15195997426
18795966537
15295523649
13776644341
15205176854
18761845606
14705199971
15996274154
13404168346
13404173155
13851942672
13404171701
15261853544
13770624476
13401948481
13404149463
18260408511
15251862494
13770831487
15251880847
18761645316
18248793514
13404163132
15805186862
18260054314
15805181924
13404145992
18724001067
15261895234
15951818925
18761679946
18248790737
15805189506
18761843880
15261852499
18751846142
15251867530
18795966885
15205162147
15951900241
15251834628
15724881349
13921432319
18252042865
18205190945
15805182479
15251868936
15295523684
15251837748
15295586044
18260002949
14705148057
15205167374
15950585484
18761849620
13404173146
13851942671
18351889451
13404163158
15261853483
15295502740
13404144381
18261149909
15295531944
15861816142
13776645237
18252060354
18752024237
18795966139
18795963703
18795967130
18362967247
13770845051
15205199691
18761840502
15251868672
15062262084
15951901490
15251840211
13770620384
15251888430
18761845079
18260415746
18260052994
13815420477
18724006827
18795965509
13405848554
15261872025
13401948932
18260408956
13851944297
15251898393
18260033648
18795967026
13404141823
18205196914
15951819154
18260408576
18248793454
18351889347
13401944534
15724875065
15724881364
13815415504
18795951154
13404133510
18248788146
15951852400
15251865437
15996265234
13585142460
18795965750
15251888714
13404152262
15261875284
13701452094
18260033647
13405848854
18795972964
18761845395
13814544807
13645160641
15261851940
18260060343
18351889342
13401945229
15261409959
18795958424
18252040859
15251887924
13770543616
18205182462
15951852431
18260092402
13404172587
14705154339
15261871554
18795958545
15751870848
15861816410
18761643910
13405849433
15252467501
13404141251
18260416079
18795957604
15261851941
18248793954
13675122433
18252022445
15261875764
15850589954
13914715244
13404133532
13921433042
13404168906
13770837413
13770943073
13404171969
15261874615
15805184075
18248795986
15062221956
18761640085
15951856924
15720829441
15251888194
18795962212
13401944073
18252022439
18362964684
15951901420
15295572053
15251886461
18251848159
13776412501
15252467494
18260418392
13585148396
18752022240
13770942043
18260417285
13914715604
13815404919
15050587814
18795963845
15252467564
15251880157
13585144246
15195990784
18351449616
18205184503
15996318481
15261408329
18252021034
18761843349
13404131636
13770837194
13645163923
18260092245
13776643514
15261407862
15996265421
18795965870
13404171982
18260042965
15261868742
18260056492
18351898994
15062219917
18261146285
15261889643
18795959461
13701451254
18260040908
18260047084
18795958684
13404152474
18252035834
18260410391
18261149682
15951835644
13815405325
13645162019
15861816040
13701451945
18795961831
13914714621
15951980475
18761640277
18724012187
18248795220
18260005864
13405849195
18795966933
13851941755
15251878589
15251835125
18260052164
18795961140
18260405412
18351889480
18761845517
15850586564
13584042440
18205175497
15295599542
15724881244
15251880384
15951819455
15261851943
18260411557
15251859879
15251897569
15252462482
18761842736
13404165530
18260409661
18795973531
18761644294
15951856943
15720829446
15251898503
15205193267
13401945257
18260064281
18362964702
13815420787
15295572264
15250989041
18795972147
15951984684
18761879957
18260415017
15295509542
13770941994
13401947200
13914714326
13815404944
18252018447
15252465743
15251878610
15205182229
13585144249
13814545613
18205184504
15996318489
15261454465
18252022433
18761840844
13404170469
18752021124
13645163856
13776643549
15295570487
15996265423
15251880373
18260408780
18260417958
13770946380
18260056493
18351899134
18761879626
18261146510
18260061472
18795955314
13770840179
18260041076
18351878025
18795958714
13404152151
18252035814
18260408934
18261149680
15951964254
13815405334
13701455287
15062260614
13914714635
15951980634
18761641145
18724012267
18248794970
13814542011
18252020624
13404133501
15724870071
13405849395
15062262305
13851941764
18795974279
15251823079
18260060403
15205193310
15251896076
18260405164
18351889479
18761845909
15850586574
18261147276
13584042422
15251888245
18205175514
13851944623
18260062134
15062219776
15951819654
15261851945
18260411662
18795974041
15205190955
15251888502
18761843680
13401948204
18260409670
15252464640
18751846492
15205174986
15720829445
15077861559
18795962680
13401944601
18260003469
13770837423
13815420805
18705149373
15250989047
15251834658
18260063446
13404164505
15295509514
13776641406
13401947155
13770843291
13815404871
18252018442
15251888303
18761879886
13585144259
15195994372
18351009401
18205184514
18252020947
18761842875
13404132870
18752021134
13701454901
15161450572
13585147955
15205183417
18260042962
13584044296
15724881845
15261897431
18795965812
18260041312
18795954893
15261890436
18260040918
18351878024
18260404026
15205145046
15205141424
13645162017
15861818474
13701455285
18795966149
18761677465
15951980746
18724012302
18260400450
13814541900
18260064144
13405849435
15251884736
15251888755
15205199552
18205176474
18795966189
18260404849
18351889464
18761846005
15850586904
18261147268
13584042685
15205180472
18362967842
18260062142
15252466298
15950587467
18205148963
18795963969
15805185842
15251887859
18761842366
18260409662
15252467752
18761642066
15720829453
15805182411
18795965307
13401944650
18252023964
13701453398
15062264117
18248795364
18351009574
18260063471
18260418457
15295509504
13770540337
13401947153
13815405004
18252018342
15252466937
18795965159
13585144262
15295507646
18724017057
18205182625
15295540443
18252020994
18761843948
13404132887
13645163827
13701452334
15261450630
13585147944
13404172008
13584035515
18260056641
15251887684
18252041406
15261889641
18795954891
15261890402
18351878224
13921436282
13404133068
18260406574
15205141493
13921435472
13645161590
15861817646
18795972551
15720822714
15950585594
18724012406
18248794521
18260064133
15805180774
15205174762
18252035749
18795963889
15251893151
18205176467
18795964513
18260405347
15251867462
15850586549
18261147283
18205177241
15205199756
18248796370
18362967325
15724881243
15062219830
15094303587
18248795395
15251838110
15251888077
18795962289
13401948644
18260409672
15805189605
15205172497
13585148467
18795975354
15205199524
13401944657
18252023447
13701453206
18248796197
18252039437
15951851402
15295509499
13770542097
13815404984
18252018475
15251829877
18795965839
15251898360
13914740487
18351874331
15951854271
15295571357
18761849051
18252020974
13404167306
18752020647
13645164103
13585144241
15261454413
13404171910
18260418068
15195994993
13404171476
18795955487
18260415686
13451844336
15205145419
13814541423
15895972764
13814542905
15062219729
15950585643
13404177634
13815412734
13405849379
15805180426
13584037236
18205176479
18795973912
18260400603
15251878764
18761845930
18205177240
18248796411
13404131867
18362967304
18260062340
18761878962
15094303746
18248791082
18795965283
18795966985
18761845797
13401943997
18260409668
15251888242
15205173414
13585148464
15252466283
13401944882
18252023754
18362964696
15261451639
15250989140
15251887545
13404176711
15295509496
13776643835
15195998457
13815405032
18795975061
15252466324
13914740632
15724870534
13770940742
18252020946
18752020514
13645164062
13585144437
18761848211
13585147895
18260418057
13584035989
15951855243
13404130176
18260061645
18252035744
18260040905
18351878421
15050589325
13404133239
15205145033
13814541405
13645198254
15895972634
13814542902
15205199247
13675121734
15950585485
18761640469
18260418414
15996269024
18260006241
15252465571
13584037297
15251838749
18205176476
18795961862
18260407223
18761846417
15850587004
18260040689
15105192202
18248796427
18261148109
18260062024
15805189448
18351874845
15094303763
15251888329
18795965997
18761845910
13401943982
18351449585
15251838790
15094309226
15205173343
15720829440
15251880179
18252023481
15062262210
15250989125
18251954946
15261880064
15805185250
15295509497
13776641382
13404165570
15195998674
13815404951
15050587334
15251888720
15251878627
15251833033
13585144281
15195991394
15724870636
13770944426
18761849615
13404167349
18752020456
18752022484
13585147913
15251870859
13404171911
18260042732
15996273409
13585140070
15195994822
18795974154
13404171609
15720612774
18761678140
13404133449
18351878430
13921432006
15205146784
13404170974
13584035455
15295598934
15895972493
13585147652
13701452073
15251888241
13675121484
13770941396
18761640455
18260419952
13645163261
15295552925
13401947876
15805183647
13584036453
18795965731
18795973711
18205176470
18795966579
18205141210
15251878694
18761846254
18260056843
18795964377
15724874659
18362969141
18260062014
18795965991
18351874877
15094303498
18248797250
15062219197
18761879816
15251888353
18761845914
13401947686
18248786752
18795966852
15720829439
15252467504
15252468217
13401945127
18252023486
13815402990
13815420928
15250989094
18252021416
18795967046
18261145655
15295509554
13770540430
13404134502
15195998640
15251868437
15050587349
18795962379
18795965031
15805181485
15951810164
15261854205
13585142368
18252021645
18761840769
13404167574
18752024692
13645162423
13585144359
13585147870
18761879985
13404172235
18260412342
15261892594
15724881968
18795962389
15720612649
18795954707
18260047183
18261145532
15205146785
13814541619
15295598924
15251879914
18795974046
13675122041
18761640162
18724012146
15295552843
18795965223
13584036424
15251880304
18205176449
18795972585
18205142667
18761845860
15850586854
18260056846
15724873650
18260062254
18351874883
15094304018
18248791287
15062262670
18761845579
13404153992
15252467374
18761640746
15951856942
18795962696
13401945301
18252023493
13815403612
15261450892
15250989145
18252021426
15295509493
13814541253
15720823724
15251868439
15205199375
18795975374
18252022480
18752024419
15261854229
18761849539
18761843206
18260040998
13815414005
13585147882
13404171878
15261892564
15724881937
15195994945
18795960345
18260061974
18795954722
13404131979
18252061794
18261145626
13404170874
13814541484
15895972846
15251879814
15251891660
15205169420
18724004671
18252048590
13401947849
13584036433
18795974705
15850586849
18362969174
15094304038
18761640789
15951856874
13404164140
15951902304
13645163347
15050587425
15295542904
13815414054
15062219062
18260061496
18252061497
15205145035
13701452096
13584044874
13401947926
15251891831
18205142619
18761846340
18260056940
18351887346
18260062234
13814545131
15251869719
18761646538
18761642651
18795970284
13815403284
18260002465
18261145662
18351886049
15251898512
15261854195
13770944349
18260024342
18761849545
15252467202
15724881531
13404130081
18795954746
18248786036
13404170964
13814541429
13914715934
13584044887
18724004696
15724881472
15205181517
18795967232
18261147554
18252048280
18260057040
15724881227
13404150296
18795972559
15251868983
18761642226
15720829454
13451840295
15261411060
15261854809
18261145645
18260414056
13815405086
15805187126
15261854465
13770944357
18252045652
18351899421
15261893904
15261871429
13815402529
18795954762
15295584349
18252045572
15295584913
13585143787
18724004867
15724881462
15951820725
18795961032
18261147942
15252466553
13815411462
15094303702
18761846348
15720829452
18248788542
15295572329
13675124453
18795961742
15205169342
15724881461
18761845751
18260002544
15951850149
15205190100
15050588754
13404153140
13815414064
18795967151
13814542337
15252467006
18252022384
15295530477
15724882393
15252468176
18260405542
18261145108
18761640184
15295530645
13851944146
15205183175
13404151473
18795965905
18260059140
18362960554
13815414067
15805180435
15205193306
15295524276
18260410282
13401949487
15094302497
13585143803
18761879206
15252461790
18260418714
15062219034
15205190574
15805189084
18260408403
15724882308
15724880693
13701461910
15251858014
18795962105
18761645272
18261145181
18761641554
15252465979
15295530643
13851944139
13814540463
18795966221
13815410183
15251831061
13914712397
13585141614
18362960364
15251866486
15295509142
13404152337
13921431731
15261897433
15252463915
18260410728
15094302514
15261886247
13585147026
15250987441
18351899149
13814543864
15251888767
18724004684
15252461811
15261873470
18205177345
18205172342
18248788529
18260408399
13770834369
18761646030
15295594476
15724880141
15295599525
15996274119
15252464704
15295534159
15251856746
18252048358
15251880067
15252467571
18761645223
18261145929
15751874972
15805181004
18761640214
18252022145
13585147924
15252466365
15062223380
15295530674
15724880600
15261852845
18795973154
13584040410
18795963823
13404152687
18205196742
18252020684
13815414846
13851943549
18351899674
15805188379
18795970613
18260059125
15895875642
13776412396
15951833864
18724004524
18260042337
18362960024
15251866490
18260094731
13814543436
15720829024
15251829593
13404151819
18260418221
13815402687
15996264540
15720827384
18795972189
13921430951
15062224760
13815421513
15261897814
13401948313
15252463951
18761679461
18260410921
13404153695
15094302559
15261886325
15250987240
18351899154
15996273934
18795965952
15295557485
18724004840
15252491627
14751796221
15261873495
18260418660
15205191735
18205177324
18795967075
18205175342
15805189546
15261854624
15251888070
18260408412
13770834430
18761845782
15295594471
15724882311
15062226253
15724880142
15295599534
15996274117
15252466715
15295534139
15251857014
18252048268
18795962382
18795970399
18795974036
18761644217
18261145696
15751874979
15205199487
18761640192
15250988234
15251887960
15251888173
15295530734
15724880603
18351899624
15261899047
15295526524
18761849075
13584032465
18795965260
13404152690
18205196746
18252020496
13770835441
18351899664
15251898642
18260005364
15895875725
15996274611
15951830462
15950588045
18724001687
13404179130
13815405026
15295509477
15251829374
18260418216
13815402723
15996264317
13770838647
15252467264
15105193536
15295521496
13401948277
15252463809
18260410725
18248787492
15261886496
15251860146
18351899164
13814543852
18248790489
15252491613
14751795276
15261873524
18260418658
18205177340
18205173794
15062219941
18260408910
18761645941
18351885431
15951856445
18795962691
15295599544
15251888473
15295534202
15094303768
18795961832
18795961971
18761644150
15751874973
15252466869
18252022343
13585147933
15251825671
15295530864
15295599644
15261899394
18795973164
18205181437
18795974133
18261145101
18205196743
18260025654
15996267644
15050585924
13914741276
18795966087
18795962660
15724881353
15195999241
15996274649
15951830247
15950587894
18761840567
13404179141
13815405074
13815405740
13814543124
15295509480
18795966502
13404151739
18260418220
13584056447
13451844744
13815402515
15996264354
13770837574
15251882716
13645197904
15252467618
13770554117
18705164283
13404153771
15252463810
18761678495
18260410677
18260418514
15261886684
13585146981
15251860147
15996274077
18248790945
18205144574
15951854553
18795966165
18205177284
15251888213
15251829711
15805181759
18260408879
13770835433
18260004912
13814545167
15252467213
18252048267
18795962795
15205181387
18795962553
18761645234
15751874963
18795961865
15295530854
15724880496
15295599646
15261855465
15295526334
18205184265
18261145024
18205196745
18260025834
15251877694
18351886984
15251839616
15805180320
18252020274
15996274651
15951830434
18761843644
13815404870
13815405736
15295509481
13404151740
18260418217
13815400334
18252011984
18761879910
13921430950
15951814993
18724009384
13404153763
15252463877
18761678534
15261886846
13851942153
15251860435
15996274054
15251855752
18248790871
18751846643
15951854562
18795962301
15951814285
13770834799
18351885492
15951854144
15062219684
13851944604
13814544995
15251888155
15295531664
18252048398
15251835545
15205191795
15205181935
15751874964
13815421125
13585148035
15251897097
15295531024
15724880497
15895877443
15261899409
15251863925
18205184253
18795967194
18261145011
18205196649
18795959476
13770835884
15251888979
15996274582
15951830433
18724001430
18362960244
13815405734
15295509124
18260418215
18260056634
15861810045
13814542052
18795966803
15261874752
18724009392
18248786344
18761679453
13851942162
18761677497
13584055224
18248790813
15251887485
18795962689
18795964521
15205193340
15720829041
15895876549
15805180445
18252020540
18795973204
18724002550
15261870824
15720828341
13584055206
15251868554
18260408377
18260004980
15252467263
15252466881
18205184251
15805185594
18252020625
13815416145
13914741151
15251884117
15195999314
15996274585
15951830347
13584056108
13404131244
18362964087
13815405715
15251884355
15050588642
15251854275
13404151156
13404175854
15261870840
18752020534
15861810431
13675126784
18795965316
18761878952
15951854356
18724009389
15205145170
13404131449
18205172034
18761679454
18260418952
15251861024
13645197430
18761677741
13584055253
15805185214
13770943530
18751847038
18261144467
15951821422
18260414872
15251887472
18260026324
18795963665
18205170445
18795972520
18795966205
18260408414
13814542356
18761844217
18351885743
15251888097
18260004981
13851944641
13701461756
18795965972
15295534207
18248789937
18252044637
18795967186
15251888731
15062219730
18761646414
18260408393
18351874762
15251869030
18761845829
15720829043
15062223757
18795965086
15295530471
15295586405
13815401189
15261896417
15295584147
15295527411
18795965681
18252020694
15996267684
13814540336
15252468153
15195999374
18351876841
15951830482
13584057142
18724003805
13401948269
18260094750
18362963614
13814540619
15251888641
15996264795
15251886874
18260417760
13404175907
15261881325
14751783260
18752020546
15861810764
13814541384
13585147804
15805180307
18795962127
13814541277
18724009387
15205145619
13404134553
18260419724
18761679460
18261148010
15251861074
13645197459
15251860104
13584055212
18795966869
13770943494
18751845247
15724878912
18260408944
15951824190
18260418912
18260025844
18205170477
18795963269
15251888450
18260408382
13814546809
18761645972
15295584054
18795972942
18205181425
15251888022
18261140087
15195995814
13770835624
13585147980
18795972370
15950586404
15195999452
15996274590
15951830471
15950587742
18724001644
13404176364
18260094736
18362963604
13815405904
15251884365
15251888413
18260417757
13584036859
14751786650
13814541891
15251829013
15251888365
13770554089
18724009385
15205145607
13404134571
18260419763
18761679462
18261148050
18248787078
15251860825
15251860411
18761677747
13584055181
13770943491
18751846101
15724878913
15951824209
18260418916
15805180132
15951814263
15251831385
18795971386
18260408395
13814543713
18761845375
15252465854
18260005274
15850586466
15996274116
15251889017
15295534297
18252041994
18724004515
18351874752
18795966976
18761640560
13815421022
15720829125
15251829017
15205191773
15724880529
15295586114
15951948187
18351874751
15295584245
18795848296
18205184213
15251869784
15195995884
15295552744
15996290437
13585147923
15062219800
13701451149
15295534385
13584045131
15951860104
15950587874
18724002535
18260094762
18362964061
13815405785
15251888640
15251869345
18795967024
18260417734
13770941715
14751787702
18752020442
13921430533
13585148041
13585147802
18795965091
15251888414
15205145793
13404131397
18260419746
13814544302
18248787082
15251864016
13645197186
15251860413
18761677945
13584055185
18795966065
15951834512
18751846460
15724878910
15951821406
18260419425
18795965975
15205195940
15252465184
15951814317
18795974861
18795966263
18795974520
18248797423
13814546982
18751845947
15861815436
13451842724
18248798283
18260004531
15850586467
15205190625
15251887736
15295534152
18248789971
18260418685
15805189460
15252465914
18724003196
18351874732
15251838630
13815421053
13401949426
15720829146
15105194375
18795967097
15724880530
13701455340
13921431068
18351874753
15295582455
18795973284
15724883787
18795966153
18261145321
15195995452
15295552684
15251877984
15720821946
13585148006
15251898385
15251887470
13770840581
15295534370
13770840861
18205181497
15950587741
18724003228
18260094753
13815405791
15251884357
15251869423
15205182521
18260417756
18752020451
15251887957
13404131051
15251864030
13645197194
15062262463
18795965320
13701455383
15251898626
18795974857
13814546983
15861815472
18260418908
13851942384
18795975384
18260004530
15951864025
15251888364
18248795054
18260411175
15251882752
18795973141
15251829547
18724004528
18351874723
15251829439
13584044751
13404131023
15720829147
15062219636
15724880565
15724883831
18795966201
18261145340
15996268954
15996290489
13585147937
15251887401
15295530742
18205182384
15950587746
18724004652
13404176675
18260094782
18362960849
13815413550
18260417265
18252048624
15720828604
13404143914
18752021243
15205165334
15251830357
15251864144
15205146829
18252061948
18260416220
15251834910
15251863944
13645197216
13585146797
15295507384
13584055091
15951964863
18751846560
15724878920
18248792620
15724872434
13404164955
15062218973
15251887064
15996318494
18795974925
15251895006
15805189500
18248794913
18751846117
15861815504
18260041613
15951982304
18795965904
18260004527
15720829460
15951863845
15205199726
18248795077
18761840564
18260409065
15805189451
15251889011
15205182315
18351874665
15251837583
18761640115
13815421790
13404131352
18351886547
15252465048
15724880531
15951837104
13921430964
15251863884
18761849052
15724883816
15805184847
18261145346
15195995457
15996268994
15996290491
13585147943
15251878192
18795961784
13851940490
15996266842
13770840913
18205182147
15950588025
18751846148
13404166345
18260094801
13814547359
13815405809
15251888584
13815415297
15251888129
18260400116
18260418202
15720828614
15295509914
15205165394
15720824953
13585147787
13815421721
18761644231
18261145917
13451841426
18351872049
15250988764
15195995124
15295507394
13776642796
18751847018
15724878921
18205143304
15261874786
15805181496
15251887074
15295587492
18795963202
15205197234
18248794613
18751846473
15861814957
18260041520
15205184227
15261870554
15951824809
15252466847
18261148018
15062226012
15251886873
15251836340
18724002935
18248786267
18761642634
13404131077
15251888211
18795960467
15724880533
15251865463
13776643415
15295539451
15724882024
15805189348
13914712502
15996268974
15996290584
18252011459
15205184625
15996266594
18205181554
18761845786
13404166393
15252460014
13921434460
18205176564
13815415314
15062224692
13404176840
15295537064
15295509947
15251867464
15720824966
15251855835
15251887182
18260060849
18761644253
18260415997
13451842870
15250988754
13645197423
15195995104
15295507446
18795961040
15951964576
18751846456
15724878922
15951821403
18252042627
15251867935
15205182113
18248797750
13585148159
13815421914
15251837732
15261870547
15951824741
15251893560
18761841129
18261148225
15805183565
15805182348
18724001744
18248785874
18761845881
13815421806
15805188913
18795961830
15724880568
15251865464
13776411464
15250989416
15295539453
18205181349
18261145462
13914712500
15996268984
15205164883
18252014301
18795963696
13851940677
13770840694
18205181547
18351870794
18761845528
13404166413
13921434470
13815403855
18260006942
15195996141
18260408818
13401949497
15251873114
18351889454
15720824340
18795973820
18795967014
15261874734
15950576424
18260415535
18205171424
13814544196
15724871550
15250988974
15251860480
15295507434
18795962683
13770941267
18751846303
15724878924
13584045031
18795962681
15251887124
18795965315
15251888295
15252468164
18248796883
18761644760
15861814977
15251888416
15261870546
15951824736
18795966980
18248794887
18761840978
18795965359
18795973792
18761843850
13815421792
15720828184
15724880584
13584034551
13776643413
15250988646
15295539445
18205181364
18261140186
13914712470
15996262495
18795966590
18761845510
15252460154
15261898847
18260408801
18261145310
13584055336
15720824955
13675126774
15805189073
15205181101
15261874762
18251924856
18752024392
13404171674
18248789194
15250988945
13776642840
15205182024
15724878926
18795966929
13585148164
15805189846
15261870542
18248786253
15062219780
15724880534
15250988643
15996262764
18351899549
18205181469
18252042725
13770941161
15261874903
15077861169
13776640743
15062260914
13404164085
15295580341
15295539454
15251888492
13401949652
13584056067
15861811049
15720824355
15805189089
18795965376
18248792129
13645160476
15724880545
13401948291
15295503742
13675126460
15251880317
13814543684
18260417752
13770943581
15724878915
18248795905
18761840181
18795972974
15062261271
15720828944
15951824786
15251880201
15261876514
18261147573
15251888062
15261890097
15251887975
18761844074
14705198280
15251830405
13645160471
18761879690
18795963920
15724880536
15050584054
18248792431
15295539457
15805183784
13401949657
13914711027
13675122481
15951982649
18252011924
15805183524
13851942102
13584045125
18205181440
15951902384
13404135842
15295536864
15850586461
13770541514
18795970359
18260408860
18261145296
15861811124
15251898530
18795966896
15295524386
18260417753
18724001878
13645199158
13404151731
15250988834
15195995144
15251898635
13701453821
18761841263
15724878928
18252040592
15251829456
15950578424
15251829591
15805180506
15895972247
18724004927
15724870141
15951857304
18795963975
15951824776
15251831785
18261146340
15805183347
18261141279
18724004590
14705197792
15251831657
15295557459
18795961976
15724873620
15295580154
18362964712
13585147660
15951982894
13701454962
13584045219
13770542060
18751846564
13770541520
15195995643
15252462493
15720825214
14751787317
13645199133
15050587475
18795965281
15205182795
15751874312
18260418192
15724871613
15295534122
15951816025
15724878929
15261874826
15724873277
18261148083
18724004762
15720828984
15951824791
15261876574
15295557460
15720613454
15951982840
18205181451
13585140861
18261145270
15205184393
13404130172
15251860624
18248792522
15261874837
18252042703
18795975364
15724873287
15724874974
18248793065
15895879040
18724004716
15861812409
15951855925
15251880104
15720828954
15195998625
13701450132
15251829631
15261876584
15295539474
18795966729
15805180593
15252466531
18751841585
18252017478
18795962510
15951852784
15861813204
15724880526
18205184654
18205198413
15720613477
15951964174
15062262513
13401949396
13914712537
15250987241
13585147656
15951982774
15251887429
15805184964
13776412065
15996267243
13584045223
18205181455
18248794643
18751846599
13404154093
15295536546
13851944403
15261896184
15195994614
18795970349
18260408805
18261145641
13584055310
13645199013
13645199134
13585148030
18795965119
15205190423
15724872837
15720614193
15751874330
18260418373
18724001833
18752024439
13404171565
15724871830
15261850054
15050587945
15251860499
15295507450
13814542984
18795965571
13584054311
18761840054
15094305291
18248792309
15261874840
18252042579
15251831754
15724873237
18795962232
15724874971
15251832687
18795963621
18248791732
15895872664
18724004722
15205160487
15951857412
15252467042
15720828994
13815413437
13701450117
15252466010
18795467105
15251837565
15062220653
18248793937
18248789124
15252467732
15861813125
18795962015
15805189892
15724880527
15195994081
15720613541
15062276294
13770845120
13401949636
15951855451
13675122714
15295534380
15252491015
15062225952
15252462570
13776412060
13770627499
13584045231
18205181466
18260024361
18751847174
13404166357
15295536547
15720820924
15261896240
15295509754
18795967150
18260408806
18261145435
15951854986
13645199015
15295599540
13645199103
13585148032
15251864110
15720614204
15751874326
18260418377
18752024394
13404130190
15261850225
15050587925
15295507416
13814543261
13584054301
18248791714
18252042581
15805189716
15261889825
15724875041
15252465675
18248793845
15895871246
18751846114
15251869244
15951853864
15720829141
15805189085
13701450115
15251896131
15261876649
18261146200
18795962652
15251880150
18261141926
15252467754
18751843760
18260408846
15951852925
15805182473
18795965205
13585148220
13770845126
15252466846
13401949645
15951851664
13675122734
15252491163
15252462284
18795967257
15996264745
13584043614
18248795296
18761845314
13404135969
15050584199
15261896241
18795965780
13404173574
18261145276
13645199067
15251865534
18795965965
15251888317
15720614209
18260418381
18248788980
18752024556
13404131070
15724871798
15261889064
15295507429
13701463092
15251887409
18761840751
15094305369
18260408646
15261874849
18252042590
15261889746
18795973684
15724875033
15252466085
18248793032
15895878904
18751846378
15205180792
18351887471
13701450081
15805184563
18261146203
15252466231
15251878151
15251888247
18751844545
18248795955
15205199811
15861813433
15251880525
18795975116
13585148120
15062275941
13770845130
13401949641
15951854930
13675122514
15252491215
15805182890
15951856564
15996272462
18761845734
15295536904
15261898489
13815413725
18260408734
13401947829
13405878231
13815412609
15295506486
15195998064
18795960175
18260064539
18252047344
18252045147
13645199160
15295534206
15195995204
15295507425
13701452284
18761842424
18248793556
15261874703
18795967187
15261889942
15261858499
18795963667
18248793813
15895878894
18724004814
18260063841
18351887469
15720823544
18795965372
18260002746
18248791224
18761879190
18260041336
15805181393
15252493382
18248791980
18795961946
13701455331
13815402849
15062275864
13770845174
13401949381
13814546917
13675122725
13585148146
15205180071
15251878052
18795956214
13701464085
15996271174
13584052770
13404166362
13815400436
15261898491
15295509794
15251898284
13401949744
15720824916
13815416624
13914715827
13645163213
18795967251
15951982491
15720614312
18252029454
18724002902
18261147216
15724871649
15251860584
15050588492
15951814723
15205199874
13584054272
18260408596
15205195492
18205176834
15805189425
13770554115
15805189721
15895878749
18751846267
15861813245
18261147267
15951854219
18795961820
18351887412
13815413980
13701450045
15251888064
18260408071
18205148434
15062226219
18795973503
18260042670
18761644142
15805180781
18260408894
15062276284
13770845149
15295536564
15261898499
18260408746
15261871421
13914715693
13645163409
18795967141
15805186574
15251864122
15720614331
18260418162
18724002911
13645199171
18261147223
15261852984
15205198964
13914741131
15295507234
13814543318
15252467128
13770841445
18761842719
18724001329
18260408595
15295530464
13404151673
15062219446
15251860384
18795962074
15724873926
18795966791
18795967259
18248793115
13815415967
18751846360
13914714475
15951854176
15252462157
13645164395
13815413400
15996313347
18795965597
18260408072
15805185039
18795963919
18260416192
18795974952
18761645418
15724878850
18795962016
18248792163
15861813645
18795961080
13701455310
18362969413
15720613594
18205175574
15062276485
13770845146
18260043346
13815400477
13675122954
13770830614
13585148245
15205199967
18205198725
13584052734
15251881375
13585144049
15062219985
13815413685
15724881105
18761844361
15295536504
18252011476
15261899143
13401949753
15261871406
13815416571
13914715840
13675120204
15251887175
15252462748
15251864126
15720613294
18252029481
18260418341
18724002936
13645199175
18261147176
15261853034
15205192843
15050588481
13914741125
15295506614
15251888956
13770841629
18761844090
15094305238
18260408616
15205192249
13404151671
15251884125
15251860342
15062260267
15261876324
18795961802
18761879970
18248793027
15895871433
18751846384
15251869245
15951854157
18795967074
15951852490
15996313074
15805189542
18260002741
18248790731
15805189863
15251829638
18252040116
15251888023
18761645446
15724878852
15251892055
18248791463
15861813545
13701455296
18362969394
18248798364
18205177424
15062276479
13770845217
18795973609
18260043368
13814546949
15261867344
13770620466
13675124751
15252491151
15105191086
15895874336
13584052726
15205199377
13585144095
15062219703
13815414183
15724881142
13814541636
18761845686
18252044003
18251849217
13851942853
15261898524
15261881409
13815416605
13914715857
18761678409
15805184568
15205199523
15251864244
15724882119
18252029457
18260418331
18724002989
15861811844
18261147112
15261853412
15205192845
15050588479
13914741437
15295507225
15951814731
18761879093
13770841611
18761841531
15094305350
18260408590
15205190420
13404151657