GANRAO
15051840319
18795963973
18305140570
13404132921
18351449604
15252464513
15205193354
18795964264
18252049378
15251884327
13770625025
13585147786
15251869785
13585148150
15251887114
15805182784
15251829763
15720613584
13585144042
15724871758
15295506534
15094304692
18252029453
15261866349
13675122450
15251887356
15951855449
15805181090
15062219770
18351877549
15261465265
15251887405
13585145381
13770621774
18351009402
15724887176
13584053250
13404163165
15295554482
13701454143
15295504584
15261461519
18252013482
18248797075
15295584173
13776411127
13770541421
15062219150
15724880431
18705169736
15251860034
18252046002
15850586642
13404130307
18261146028
15094302594
13405878439
18251954825
18248791696
15295598954
13815406173
15951819343
15951854575
15205176674
15062225563
18795966794
18795961875
13776412507
15251834572
15805181681
13815412759
13404154782
15252466941
15252465752
13776412474
18795962721
15251887487
18351877544
18252022254
15251888361
13585141507
13585145451
13770620940
18351009345
13401949221
13584053197
13404162069
18795974139
18248795652
13585144615
13851943473
15261859040
15951963225
15805182472
15720826934
15724880432
15295571946
15951824096
15951984561
18252045946
13401949331
15996263542
15261864270
18248792371
13401948028
18795965873
15252466642
18724004763
15251897571
13770622804
13404155037
15951835433
15252466240
18351877499
18795972236
13585145159
13770620944
18751843909
13701452764
13401948604
13770541445
15951962894
15251869743
15062219662
18705179874
18795974786
13770844354
15251869840
15251854400
15252466775
13404166154
15996272485
13770623825
18248797303
13776642560
18795960451
18260058746
18795960994
13404130626
15805189330
18795966273
15805184171
15251863417
13585145275
13404175996
15261897534
15261893884
13404176005
15251862364
15251888327
18795965513
18795967114
15261852498
13776641252
15295580344
18795950247
15252467650
15251834079
18252020043
13776642216
13404165472
14751791676
15251884870
13404147107
15251868389
13401947889
13451840883
15950579426
15261852674
13701452770
13404137631
15250987745
13815401259
13770842259
18795966805
13404137602
18205148829
13770620744
18761840916
18752024285
18795971353
18795967197
18724004410
15951818974
13814546445
15251898279
15261852450
18795965232
15250988014
18260408714
15205193194
18795842985
15895974264
13404130414
13404137565
15094304716
15251862436
13776410230
18248793823
18752024350
15805185286
18795967239
18795964214
18362967240
13401948274
18205178224
15251829450
18261147690
13675122754
15205190130
18795972714
13815413169
15251867974
13776644325
18305142297
18260002924
15895974254
15251833792
13404173617
18795961852
18260416669
13401948461
15295598704
15805189810
15951836452
18752024309
15724881433
15251869739
15805187901
18795963723
13401948266
18761679940
15251839592
13814546471
15251880309
18795966642
18251849391
18751841143
13675122804
18795965037
13401947653
15205165742
15261464937
15251839465
13404153324
13921431937
18252042956
15895874519
13645198015
15251888057
15850741439
15295523594
18795843083
15205176843
18260002941
13451843607
15895974249
15295570426
15805184529
13404132562
13851942697
13404173606
18252046435
15251878483
13814544079
18795964354
13404144356
18248789204
15251879241
13776410412
15251872897
15951836451
18761841027
18252061423
18795971642
15724881450
13404164223
13584037873
15205193440
18260051754
18795961992
13404141151
18248786374
18724002713
13770832406
15261895604
15951818924
18260057184
13770844359
15251880279
18795962393
15261852624
15251868271
18751846594
15062223142
13404163191
15951821649
15951909154
15295557477
18260059442
13451840313
13921431945
18252040255
18205192544
15805182634
15251867614
15295585484
13815402165
15251838644
13584030426
15295547036
18260002942
15205167504
15895974231
13815415010
15251888105
13404132799
15951819684
13675124712
15251839840
18260416670
13814544071
18795964361
15720823247
18248789206
15295598641
13851944269
13776410405
15251869772
13584033414
18252060487
18752024301
15724881430
13776411867
15252467141
15251887994
15205193269
18362966547
15850589945
18252045052
15205191032
18260057154
15252466540
13770844419
15252465860
15251888905
18261147701
15805184614
15951904431
13675122949
13404163190
15951824291
15261468247
18248791925
15251888725
13451840320
13770620410
18351875034
18795950475
15195997466
13404168214
15251883805
18260079204
13815402195
13776644207
13584030182
15295572902
18761840197
15895974359
18260409542
13815415035
15252466366
13404132689
13776642501
13404173914
18795973707
13914742592
13814544193
13401948479
15094304739
18795972342
18260408583
15295598743
13851944244
18795967051
15251880834
15951838240
18761843981
18248792963
15724881429
13451840089
15950587492
15251887397
18260052490
15251887381
13404141799
18761845785
13770832420
13404174076
15261895247
15251883285
18761679843
18260057149
13770844357
18248790824
15251888044
15251880221
15251888992
18248792847
15261852489
18751846040
15951904415
13675122940
15251895629
13404163547
15951824284
15205165749
15105182437
15205174826
15724881376
15805183076
13404152808
15861811504
13770946089
18260415750
18205191147
18795951124
15195997471
18795965032
15805185963
13404143097
18795974259
18252024172
15261865461
13815402213
13776644291
18248788206
13770541037
15205177234
18305142267
18252020402
18761842944
14705148056
15205164583
15895974423
15205173224
13814541192
18305142294
13914744034
15251839474
13404172767
13404130439
13776642474
13584056147
13404173764
15251866472
13404161977
15261872346
15720829459
13814544054
13401948379
18252015402
15295502744
13404143526
15251845512
18260408581
18261149654
15295531843
18351887947
13851944286
15861817825
13776645236
18795967162
15895879954
15951837684
18761843955
18252060364
18248792157
18761674376
15724881442
13405849235
15805189920
13776411855
15251891554
15251867922
18260052642
18795973884
15251859912
13404175857
18761672514
18205196774
18261147286
13585143020
15252468057
13770941086
15205165942
18260057284
15251829651
13770843134
18724018379
18248790115
18795973921
15261891552
15251868024
18761843282
18248793471
15261852479
15251868743
18751845813
15951905944
13675122943
15805189456
15077862276
13405848374
15951821894
15951900240
15261452870
15250987545
18795965840
15724881371
18795962139
13404133312
15861811625
13770620247
13770946101
18205193045
18795950487
15195997541
15251888370
18795967149
13404167862
15252465926
18252039194
13584044619
13914740542
15205170104
18248788127
15251862242
18260026249
15150640596
15724881350
18761842039
14705148061
15205167544
18351899825
15205172894
15261893410
15261407696
13914743924
15251837453
13404172405
13404130434
13585141847
13584032182
13404173532
15251866482
18795966557
13404162172
15261871469
15720829649
13815420482
13401948331
18252015421
13675128044
13404144352
15251845494
18260408322
18261146394
15295532024
15295599453
13851944253
15295599441
13776645244
15205193514
15996319214
15951837743
18761840270
18252060403
18248792407
18752021304
15724881436
13405849223
18795963721
15261874529
18795960134
18795966275
18795973644
15251898540
13404178723
18761672435
18761845029
18252045039
13585145011
18761879965
15951819064
13645161253
18260057254
15251888407
13770843135
18724018385
18260408365
15805184204
15805180043
15252466158
18761842887
18248792635
15261852478
15205193504
18751846557
15261855144
18351889405
15251895279
15105194027
15951821847
18362964710
15951901476
15150540943
13851940904
18251848337
18205184214
15105190223
13451841391
15861811645
13770623483
18351875084
18260415740
18205190814
18795950497
15195997549
15251833384
15805184743
13404142919
15252466323
13584044614
13914740556
18248788237
18205184382
15205175904
15105180245
15951854843
18761841977
18252042082
15205167540
13645164262
15205172964
18351877469
15161450256
13914743825
15062220105
13404172625
13404130425
13585142331
13584032114
18260419949
15195994835
18795974102
13401948730
15261872342
13921436439
13401948976
18260062414
13675128241
13404143796
18252036459
18260408323
18261149674
15295531984
13921434681
13851944256
15295599324
13776411960
15251898645
15895879843
15951837749
18761640232
18252060486
18260408802
18752024336
18260005642
13405848633
15805189611
15261874559
15251888386
18795974187
15295534819
18795974483
15805182541
13404176296
13914714684
18761844431
15720823074
13404132651
13585145010
15252465881
15951819043
13645161269
18260057249
18795963926
13770843200
18724018308
18260408514
18795960624
15062226247
15252466439
18761842234
18248792198
15261852446
18795966101
18751845850
18260056495
18351889402
18795964563
13405848347
15951821634
18362964711
15951908964
15261404924
15724874571
18251848209
18205184303
15251894415
13404151725
15861811674
13770623474
18351874839
18252040986
18205191294
18795950643
15195997624
18795973931
15251838374
13401949440
15251884983
13584044606
18351889847
18205184496
15205176409
15295542114
15951902463
18761843474
18252042079
13770837204
13645164264
18260092284
18351878254
15105182070
13914743911
15252462762
13404172665
13404133340
13585141867
13584032042
18252046615
18205196480
18795961125
13401948623
15261871947
15720829754
13814543627
13404151383
18261140746
13675128134
13404144310
18252036441
18260408565
18261149677
15295531846
13921434685
13851944292
15850586024
13776411952
18795966216
15895879947
15951837804
18761644454
18252060490
18260412117
18752024346
18260005684
13405848549
15251892675
15951900463
15805183912
18795963871
15261874183
18795960082
15252468049
13404140368
18761672437
18761845716
13815414365
13404132709
13585142806
15205182793
13585141345
13645161224
15951824684
15251829531
13770843209
18724018395
18260408568
15251887230
15805182569
15251888610
18761843246
18248792673
18248789397
18751846337
15205175049
18351889325
15252465763
18795965770
13405848425
15951821784
18362964716
15951908940
15261460122
15251887446
18252000845
15724881368
18795973837
13404151724
15850586451
13770623764
13770942634
18260041314
13770843304
18795950424
15195997647
15251887221
15062219706
13401949543
15251828993
13584044601
13585148239
18351874409
18205184491
15205176410
15261417172
15951902430
18761840786
18252040466
13770836421
13645164297
18260092341
18351878146
15295540071
13585147975
18795963629
13404171924
13404133234
13585141865
18260056549
18252045475
15261897842
15251888041
13401948809
15261872049
13921436721
13814543589
13401948896
18795970492
13675128004
13404149467
15751870648
18260408320
18261149679
15261875437
13921434612
13851944289
18795954559
13776410891
15251838813
15895879849
15951838247
18761645303
18260033649
18248795087
18752024335
15295552754
15205181044
15951901741
18795973783
18795966027
15261874796
15062226740
15077861960
13404145916
18761672439
18761844754
18252014496
13401947293
15251860694
15195980794
15951819124
13645161220
15951863749
15205199531
13770843226
15261851874
18260408566
18795962692
15062225535
15252465832
18761843494
18248792375
18248789502
18795966202
18751845708
15205175024
18351889344
15251897833
15251888076
13401948772
15951824260
18362964565
15724875086
15295540196
15251886472
18795848126
15724881365
15205193244
13404151700
15720821824
13815402531
13770942595
18252041920
15950587942
18795951345
15195997664
15251888379
18795966271
13401949472
18795963710
13770543658
15251864782
18205174653
18205182694
15996271145
15261409793
15951852374
18761843405
18252041804
13770836433
15251865647
18260092342
13776643499
15150540965
13585147914
15252466759
13404172698
13404133174
13585141857
15720828624
14751783403
15261897432
18795972453
13401948617
13815404202
15251887476
18795970894
15251877946
13404144327
15751870048
15094305449
15261875247
13921435611
15295504656
13584042315
15251876744
15951838284
18761642478
18260402754
18752024327
18260006174
13405848734
15205193022
15720829142
15251889031
15261874177
15252468183
15205193362
18761679481
18761844627
13404172377
15251860465
15205198446
13645161186
13770941732
18761879960
13814541287
15261851934
18795965767
15251880252
15205196697
18761840668
18248789459
15252467150
18751846323
15205174995
18795961969
15205199256
15951824247
18362964737
15261450542
15261876044
15252496096
18795973527
13404153525
15720825584
13770941849
18260041364
13914716150
15050587847
15252465306
15205199651
15251869706
13584044603
13814547496
18205184522
15996271040
15161452049
18761843672
18252041801
13770836452
18260092343
13776643494
15261401450
15251839827
13404172739
18260418211
15295534800
14751783406
15261897843
13404151902
15261874622
13921436437
18260041028
18260047086
13675127864
15751870748
18260410515
15094305431
18362969455
13851944265
15861816134
18795962796
13921430672
15951838324
18761645456
18248794903
18752024319
18260006024
15805189072
15951908194
15062219376
15261874819
15805183293
15251896704
13404141099
18761672446
13645163054
13404136521
15805181176
15951819164
18260062044
15805189886
13814541550
18260408354
15252465823
15252464922
15251871262
18761842400
18248792499
18795967087
18751846191
15951856954
15261890382
18795962219
18252022446
18362966354
15724875062
15295522495
18251848343
13776412515
15251888344
13404153326
13815415492
13770942575
13914716134
18795951141
15050587904
15251887794
13404133475
18795966517
13585148225
18205170204
15996272451
15295542132
18761841754
18252041853
13770837430
18351886004
13776644610
15150641877
15996265294
15251869824
18260418212
13585141800
15951855325
15261897764
15062219764
13404151904
18795955842
13814544041
18260041053
18260047213
13404152401
18260409003
15094305429
15951964256
15720822466
13851944273
13701452024
15251888453
13914714715
15261897471
18260033499
18248794984
15850587469
18260005949
15805189551
15720829040
18795965835
18260056479
15205182437
18795967147
18351889487
18761845354
13645163059
15261894152
15251859732
15951819194
18260062084
15805189015
13814541574
18260411090
15252464067
18795962675
15252467225
18761841405
18260409665
18795965623
18751846537
15951856934
15805189877
15251894640
13401944510
18362964677
15951908904
18761849511
18795972204
13814545852
18795967120
13404176694
15251875477
13770942573
18252041960
18795951384
15050587840
18795962730
18795961838
15251868659
13770543664
18251848794
18205184534
15996318482
18260062343
18761841729
18252041422
18351885874
18252029224
15261418287
15996265404
18795973665
18260042963
13585142451
13584056053
14751783414
15261897443
15251890447
13404164557
18795955894
15720613349
18260040944
18260047041
18795958644
13404152293
15751870148
18260408958
15094305838
15951964203
13815405364
13851944235
15861816432
13701451942
15805182340
13914714564
15950585574
18761641791
18260033343
18260412682
15195995941
18260005945
13405849381
18795965009
13851941747
18761878995
15805184854
18260056476
15205193214
18795963635
18260406027
18351889486
18761845781
15850586841
18252047141
15261894531
15251886842
15295524414
15295599496
18260062124
15251829502
13814541584
15261851942
18260411721
15251838454
15251880271
18761841634
18260409667
14751783420
13770837694
15805180264
18252047312
15252465721
14751783445
13645161582
15861817461
15105193040
15205193387
15996318486
15161450892
13645163850
13404172167
14751783493
15261889642
13851944595
13404152149
18351889849
18761641560
13851941772
15805183428
18205175524
15261852042
13401948182
15205175324
18362964692
18795963705
15195998499
18795965926
13770940645
18752020774
15062219870
18260042964
14751783542
15195994995
18260415800
15205145382
13701451930
18761642637
15251869442
13405849426
15251888481
18761845865
13404133398
18351875143
18761845798
18761640573
18362964697
15261404735
18795965791
13404175009
13401947206
15195998814
13585144273
13770940724
18761840614
13585147951
18795966525
15996273642
15295534745
14751783541
15252465896
18260061714
15261890419
18251849251
13815405327
15861816025
15720822725
18724012435
18260064145
15205193302
18795962352
15251831996
15850586942
18252046591
15805181326
18351874837
15205199866
18761645399
15251829182
13701452524
18252039440
15951851984
13401947989
15050587914
18795961932
13585144274
15261418247
18761840719
13404167523
15205193436
13404172040
14751783537
15195994997
18795974240
18761678124
13701451260
13404170561
15251879864
18724012449
13404166460
18795962753
15251867714
15251878646
18260057041
18362968942
18248790056
15251898631
18761645359
15805181450
13401945029
13815403002
13815420779
13404177283
18252020943
18761840724
13585144430
18305142347
14751783533
15261890429
18261145536
18252044006
18795966819
15850586946
18252047511
18761640157
15951856941
15150640965
18251954951
18752024579
15261460620
15295571826
14705154893
18795959419
13451842871
15724871740
13404133419
13921432265
13404170949
15895972594
13701455265
18252022184
18252048485
13675120194
13401947834
15251868505
15252467036
15251878747
18252047420
15251827157
18362969164
18795962291
15805189859
15251889037
18248786796
15720829443
15251888441
13815420917
18251954956
15251888096
18261145660
13404166072
15050587416
15251894287
13770940870
18260024350
18752020499
13585142659
15295547853
18795961963
18260413812
14705154849
13404130181
15724871701
13921431985
15205145465
15295598904
13701451941
13584044877
18724012067
15295597240
15261873419
18795962303
15062219983
18260060465
18795966339
18795965089
18205143803
15251878843
18761845932
18252046580
18260056884
15251886866
15724873665
18260062249
15805182873
15950574105
18248797397
15205193324
18795973140
15251887914
13404151409
18248786775
15251888237
18761640967
15720829455
15251878207
15252467002
15261854538
18252022947
13815402957
13815421005
13404168044
18251954995
18260001242
15062219720
18261145633
13814541247
18260414087
15720823734
15251868410
15251895369
15205191660
15205199626
18252022481
18761679847
15261854189
13770944340
18260024360
18761841545
18252043397
13815401641
18252035741
13585144410
15295543092
13815415329
13404172030
18260413574
15261892490
15724881530
14751783513
15195994985
18795962029
13404130113
18795954730
15951857084
13404133479
13921432275
18261145663
18261148108
13404170935
13814541269
15295598840
15895973047
15251879844
15251892032
15861819425
18724004862
18724011970
18252041277
15050587804
15724881484
18795962685
15205174743
18795966103
18205184200
18795967237
15062260842
15251878741
15850586945
18260414871
15205182274
15724880535
15205180382
15094303730
18248791402
18795974527
18795961797
13401948689
18248786760
15251868134
15250987445
15720829431
18795962390
18248788532
13404164131
18252023514
13815420994
15161451367
15951856784
18251955243
15805188071
13645163271
13814542524
18260413992
13815406143
15050587427
15251896075
18795973932
15295553420
13914712391
15261418075
18761843224
18260414283
13815401125
13815414087
18252035804
13585144352
13814544300
13404172330
18260413795
15261893974
13404164220
13815402543
18795965860
18260061647
15951856742
13404133409
13921431371
18261145869
18261148166
18724003157
13585147844
15205169345
13701455271
18795966527
15861819654
18724011956
18260418190
15720822149
18260406237
15251888072
15951824574
18205184050
15251888002
15805186553
15251878846
18761845991
15850586844
15251888719
18248795394
15996264640
15251888010
15951812604
15094303715
18795963797
18795965313
18761846234
13401949206
18248786761
15250987461
15805187906
15205199361
15261854855
18252023504
13815403024
13815420835
18251954944
18260002482
15805182319
13645163822
13814541160
13815414850
15050587441
15251893913
18761878965
18252022542
13815413500
15261403497
18260024357
18761840917
13815401105
18351899409
18252035764
15951832964
15295571574
15205182030
18248795208
18260413801
18252047430
18795965092
13404171679
18260061494
13404133480
18248786033
13921431372
18261148178
13404170710
18724003155
13585147846
13815413544
13914715939
18795965595
15996264399
15951850174
18724011928
18252044703
15720822134
18260405507
15062218960
18795965457
18795961879
18205184119
15805180414
18252014887
18761846242
15850586604
18252048719
18205177134
18248795391
18260062214
15251886790
15951812549
13404150125
15251898372
15077861247
15805188074
13401949180
18248786787
15205190743
18761642030
15250987471
15805180630
15205191096
13451840365
18252024034
13815402906
13815420852
15951901946
18251954962
18260002541
15805180412
18261145647
13645163804
13814541181
18260412325
13815414842
13815405082
13815404175
15062224525
18795974276
15251829471
18252022549
13815403897
15261854292
13770944396
15261406195
18248794905
18761841089
18260041899
13815401602
18260094694
13815420991
15295540102
18351894493
18248794952
13404164495
15261892480
13584055356
18260419953
15050588074
18795966369
13404130186
18260061725
13645197908
15295584211
13404133470
18248786086
13921431380
13451840244
18261147907
13404170479
18724003152
15295584917
13585147861
13914715944
13585143752
15805189424
15996264376
15951907834
18724005471
18724011620
13451840870
15720822486
18260406049
18795966881
15951863241
15205191265
15805189632
18205184056
15252465696
18795966056
18261147427
18252014771
18761845839
15850586594
18252048721
18205177146
15251898395
18248795628
18761679945
18260056742
15805181224
15951812540
15094303689
13404150305
15805183948
18795967023
18795966494
18260415462
18248786785
18795966310
18761642120
15250987432
15720829451
18795962273
15805188890
15724873494
15850743575
13451840375
18252024017
13851944142
13770545640
15161450386
15724872290
18251954960
15251829567
13404153078
13645163735
13814542108
13815405623
13815404945
15251864246
15251894742
18795973755
18795962019
18252022641
13815403870
15261854335
13770944416
15105182201
18248794943
18761843064
18260040277
13814547365
18351899214
18260094689
13815420740
15150641861
18351894397
18795966106
18248794476
13404164523
15261892487
15251862964
18260419981
15050588764
15805189741
13404171521
18260061694
13645197757
15720614537
13401949724
18248786084
13921431996
13404153141
18261147901
13451844282
18252015546
15261886784
13585147852
15251874405
13914715949
13585143729
15077861459
15996264429
18724004580
18724011912
13451841007
15720822354
15724881824
18260405215
18795974219
15951824520
15205182392
18205184100
15251888182
15062219980
18261144391
18252014849
18761845936
15251867245
15951904316
15251894526
18248795404
13914744144
18351870451
15205180690
15951812740
18260408113
18260407558
15251867491
15805182540
15805189097
18761844632
18261145168
18351449601
18761879962
18761640804
13585148022
15205182991
18795962113
15261891141
18251975949
13451840381
18252024009
13815404860
13770546389
15261460230
18251955472
13814540531
18795961985
13404153022
13645163725
13814542340
13815410832
13815415176
15295505284
15252466351
15205193542
15295553425
13914744220
15261854239
15951817624
15261463970
18248794617
18761840841
18260041980
13814547312
18351899341
18260094637
15951984259
15295543086
18205196374
18795962209
18260412339
13404164482
13776642217
13584056310
18260419979
15251897592
13404176059
18260061704
13645197787
15724881639
13404134372
18248786082
15251867400
18261148170
18724000193
15261885463
13585147867
15895973004
13914715967
13585143730
15252467357
15996264495
18260004522
18724004576
18724013368
13451841160
15720827405
15724881803
18260405230
15205181506
15951864235
15252467866
15805185042
18205184103
15205190103
18795966813
13404179167
18252014920
18761845031
15251867242
13404136714
15951901847
18795965961
18248795979
13914744365
18351870534
15252467092
15951812734
18260408109
18260406450
18795962596
15251888790
18795962550
18761845433
18261145424
18351449602
18795973076
18761642112
15250988174
13585148023
15251888165
15062219752
15261865492
18251977145
18252022842
13851944134
15951834247
15261412173
15261855742
18251955343
13584055998
15251882787
13404153183
13645163625
13814542503
13851944796
13815415182
13585146569
18795961982
15251895622
18260059431
13914744233
13776412115
15951817824
15261454156
18248794522
18761843202
18260041937
13814547353
18260094611
13815420970
15261463930
15295599443
18260413400
13404164506
18260056547
18260418851
15050588749
18795966947
13405879849
18260061475
13645197794
15724881620
13404167259
18248786076
15251867403
13404133422
18261148095
18724003749
15261887142
13585147843
15895973214
13914715751
13585143711
15251898516
15996264251
18260004517
18724004986
15252461671
13405876340
15720827487
15261873422
18261144856
18795961869
18205175647
15251880016
18795965586
18260060479
18795966920
15251887884
13404165611
15251878941
18761646019
15251867184
13404136719
15951908542
15062223681
18248795768
13914744137
18351870374
15251883624
13814545110
18260408107
18260408047
15252466151
15251898203
18795965350
18761844933
18261145762
18351449600
15205180076
18761642852
15250988184
13585147920
15251887562
18795975414
15261866325
18248788530
18252021524
13851944131
15261864376
15295544695
15261855640
18251955249
15951819403
15251888200
13404151447
13645163604
13815401970
13675124597
13585146562
15251898617
18252024463
13914743791
15996274591
13770841203
15295546900
18248794507
18761843054
18252043121
18362960436
13815414033
18260094686
13815420985
15150540753
15295599467
18795973743
18260408869
13404164414
18260056546
18260416398
15050588745
18795965126
13405879884
13770554126
15295506496
15295524284
13404134313
18248786047
15251867412
13404153229
18261142367
15094302463
15261887044
13585147823
15895972664
18351899145
13585143670
15251896079
15996264506
18260004514
18724005514
15252461705
13451842436
13914713650
15261873424
18261144851
15062261043
18205175664
15252466308
15251869742
15205191014
18795965875
15805183748
18260408406
15251878934
18761844532
15251867147
13404136645
15724882117
15251898363
18248796349
15295599645
18351870430
15105193352
15295534827
15251857644
18260406347
18795961454
15805184787
18795963986
18761845714
18261145752
18351449593
15252468032
18761640176
13585148034
15062262202
18795964230
15261854857
15724880654
13851944126
13770841431
15150641747
15261855524
18251955064
15951819724
15062219897
13404152612
18205196843
13814542506
13815410982
13815400943
15850588947
15251836911
15251895923
18260059064
13914743782
15996274616
15951965094
15261460615
18248795006
18761842893
18252041605
18362960456
13815414062
18351449631
15951984223
15261465546
15295509149
15251880151
18248794695
18260418226
18260056524
18260419959
15050588743
18795965815
13405879914
13770554094
13921430815
15261865446
13404136481
18248786041
15195999434
13451840273
13404135540
15094302490
15261887043
15295598825
15251860374
18351899146
13585143724
15077860884
15996264515
18260004510
18724004761
15252461725
13451842434
15720827549
15261873481
18261145556
18795974215
18205175625
18795973827
15251880191
15205191043
15205199314
15805185836
18260408914
15251879034
18761645933
15251867125
18260418322
15062219826
15724880624
15295599649
18351870342
15295521974
15251856894
18795962572
15251880163
15077862499
18761644989
18351449594
15077861663
13770940965
15895972643
15251898151
18795961814
15724880668
13770545315
15062260135
15261855457
18251955024
13814540479
18205196734
18252020547
13815401967
15050586534
18351899694
18795966473
13914712382
13776412322
15951814135
15261413079
13585141617
18761841838
18260415844
18351449655
18252046522
13815402533
15996264537
15996264315
13914713690
13405879894
13921430795
15720828447
13404134546
15252463913
15195999424
15261886942
13585147021
15251860432
18351899147
18260004503
18724005402
13451842373
15261873440
18205177415
18795967182
18795964910
15261854479
13770834356
18761646042
15295594615
13404137422
18795965927
15295599514
15251829215
15261858240
18260405822
15205196681
18795965637
18351449584
15251888171
18252022247
15895973423
18795962797
15724880672
13770545610
15062264515
18260062470
15295527504
13404151495
18205196744
18252020644
15861818492
18351899684
18260059134
13776412373
15951830245
13404168674
18761840766
18260413679
18260094730
13814543494
15150641751
15252467582
18260418223
18260056640
18252046510
13815402735
15996264291
13914713479
15195989721
13404176037
18795965631
15951853419
13404134544
15195999430
18261143256
15295557483
13451842461
15251888086
15252467966
13404137456
15724883041
15251888340
15205192522
13851944127
15261898904
15295571346
15105182805
13585141605
15261401537
15261881194
18260416365
13585146977
13451840130
13585147932
18305142137
15996267904
15062219250
15261451401
13815405746
13814543184
15261418944
13404151900
15951855045
13404137854
13921430901
18705164253
18761679457
13585147036
15252467200
18751845921
18795965361
18795966303
15805182404
13770834926
13451840149
15724880544
13814545067
18252048327
18795973026
18261145747
18761845920
15251829432
15724880485
18305142242
18761849522
15295570179
18351009874
18351899174
18795961916
18751846096
15252491594
18260418652
18205174631
18761645979
18351885745
13451840756
15951854151
15252466689
13815413975
15295534292
15094303790
18261145746
18761845949
13585147935
18252020247
15805186706
15261899343
15062260852
15205193184
15996261400
15195999114
15062261726
15950588046
13404179139
15951819814
13404168105
15251888265
18260056564
13451844725
13814541325
15251888284
18248786360
18260410561
18248787485
18761677954
15252491587
18260411856
18260414055
18205174716
15251887920
15062221129
18260408411
18761845332
13451840685
18260004535
18260408064
18761645144
18261145744
15252467457
18761845915
18795965702
15295571630
18260079416
18260024797
18351887194
15805187902
13776645229
15195999254
18305142099
15950587824
13404177090
15951819746
18705149375
15251887316
13404151871
14751786645
13815400241
13921430945
15805189790
13401948245
15252463865
18260413986
15724871822
15251860947
15251860364
15805187312
18761645015
15252491532
18260410508
15951854574
18260417703
15951965046
18795963637
18205174941
15205190489
18260408416
13770834251
18761646179
18351885584
18252047959
15724873902
15805185470
13851944611
13814545103
15261874810
18261148944
18260417685
18795962830
15805183805
18761644520
18261145927
18351874770
18751846385
13815421824
15252466046
15251888709
15295530481
15724880196
13701451849
15062262422
15295584209
15295527489
18205184252
18261145018
15195995804
15996260284
13675124820
18351885824
15805182086
15951820494
15195998984
13776412092
15951830415
15295546155
15950587754
13404176674
18362964124
13815405720
15951819745
15261451825
15295509443
15251888029
13404151446
13404175433
14751787469
13770629461
15861810743
13814541193
18795966515
18795967230
18724009342
15205146835
13404131270
15252463830
18761679455
18261146378
15724871733
15251860846
13851942261
15251860345
18761677624
15251895569
15295557457
18761845913
15252491522
18260411184
15724870093
18260418639
18260025846
18795966176
18205175024
18795962509
18795962815
13814543574
18761646140
18351885744
18252047945
15951856453
15205199670
13815413979
13814544982
18795962292
15261889415
18261148586
18260417690
15251896033
18795961910
18761644229
18260408820
18351874769
18795973953
18751844655
13815421797
15720829042
15805183664
15295530546
15724880149
15996261244
13776643407
15062260691
15295584136
15094309536
18261145087
18205196841
18795959481
15252467951
15951821472
15295543169
18724002284
15261412620
14751787470
13814542130
18260409276
15251860412
15252461817
13451840717
15951851604
13815421795
15105180364
18205181403
18261145107
15195995794
13585147974
13770845260
15261418525
15261412324
15094305808
18761677742
18795965561
18795974223
18351885844
13451840232
15951851471
15251880289
18260005254
13815413915
13701461917
15805188359
15295534296
18248789932
18252044639
15205191124
18761879057
18795973834
18724003768
18252047577
18351874760
15805187427
18761642599
13815421021
15720829049
15251827300
18795962337
15295530634
15295586094
13815401094
18351874792
15295571611
15295552460
15251877874
15062219660
18305142330
18761848117
15251869246
18252049269
15861811064
13675126546
13645197360
18795966839
18260409054
15951863674
15205199923
13815414190
13451841126
18248797506
18248789963
15805183514
13405879745
15105183772
18261145316
15251878044
15805183866
15261418536
13404176802
15295540581
18252049346
13770553487
18351876496
18261147814
18260410090
15205183469
13451845082
18761845851
15295571963
15105185139
13404176471
18362964054
18705148343
13584056482
15205165341
13585148024
13585147785
18795962657
13770553477
18260419869
18261147816
15094302603
15295507374
15252462146
15951834513
18751846934
15724870104
13404149373
15251887047
18261147577
18751846476
15850586470
18248789967
13451844742
18761845882
15252462830
15951836714
13921430854
13776643363
15261418827
15251863904
18795973043
15295552642
13770840516
13770840651
13815405796
15062261437
15251888494
15105193733
13815421621
18260414189
13814544197
15805184975
18724003774
13404175531
15205193342
13776642376
18761849581
15295552549
18705148514
15150541534
18252047961
15251892373
18795975072
15295554590
18205171427
13814544263
13645197225
15805189103
15951964579
13404166593
15251896153
13585148151
15951982374
13851944631
18248795118
18761840871
13451845279
15251839794
15996318314
18351886475
13584034282
15062264325
15251864007
18261145430
15295552471
18795961990
13770840692
18705148380
15950587884
13815405685
15261464550
18260408874
18260416403
13675126470
18260004744
18205171436
13814544937
18260409319
13776642854
13451843572
18795963992
15261898974
18795967079
18761840982
15861814974
18260041549
13851944625
18248795126
18795966684
13451845217
15251837912
15720829149
13584034201
15295540191
18795965251
15724875165
15805184784
15996266743
15261454660
15252460181
15150541271
15251883370
15261871384
18260416440
13675126544
18251959634
13404171425
13645197420
13776642841
18261147965
18260417412
18260002064
13585148160
13404172422
15951814240
13815415074
18260410756
18795973611
13405879625
15261871394
18795961795
18724004827
18795963157
15805184868
15195998684
15150540956
15251880503
15951857094
13675122741
18252011584
18795965906
13851940407
15850588540
13770840645
18205181470
18705179700
18752024770
15850589544
15261405739
15195995642
18252047960
15251873409
15895877894
15950576325
18260417846
18252061544
13645197417
15195995149
15295507431
13770941417
18761842321
18260410961
15261892946
18260417410
15251887125
18795973642
13770540822
15252467865
18248791232
18761643239
15861815254
13404172637
15996319154
13815415107
15951864079
18795974086
15261876424
18795465402
18261146231
15251888275
18795960497
15251829650
18761841081
13405879664
18761840664
13815421034
15720829174
18795973221
15251831437
15996310025
15195998954
18351874739
15295570785
18205184281
18795961749
18261145077
13914710657
15724871745
13675122427
18252011594
15251878581
18795966705
15950586394
13770840903
15261407450
13584036593
18761845324
15295536784
18752024762
15850589490
15996274347
15261416266
13815415361
15805182049
18260408828
18261145365
18260419381
15251873242
18351889459
15720824957
13675126584
15252466906
15251830759
15261874791
13814543692
15751874232
18260417850
18724002159
18752024600
13404171225
15094305443
15250988940
13645197504
13770838410
13914714724
13776642839
15205180223
18761842755
15724878931
18260410059
18252042599
15251887045
18795965855
15252465142
18248790224
13585148184
18761645156
15861815224
14751770023
18260079414
15996319147
15252465822
15720829084
13851943901
15951864032
15251888065
15261876415
18795465357
18261146247
15805183265
18795965135
18261144085
15805189626
18761840179
13405879674
18248785700
15251898256
18761646067
13815421044
15720821340
18795961850
15252467087
15724880528
15195998946
15250988640
18205184285
13914710701
15724871797
13675122413
18252011640
18795965923
18795965612
15950586349
18351899554
13584043606
15295583424
15295525467
18761645255
13404176819
15295536646
18752024759
15295503914
13770844867
13815415360
18795965065
18260408892
18261145347
15295509874
13675126694
18795967057
15261874773
13584054473
15751874236
18260417873
18724001925
18752024596
13404151823
15724871578
15250989049
13645197484
13770838402
13914714720
13776642801
18795967249
13770942853
18761842422
15724878930
18260408991
15724872570
18260417472
15251894491
15251887044
15251837547
15950577477
15205180052
15251898663
13405849794
18248795874
13585148109
18761841951
15861812454
14751770857
15261874719
15951850422
15805189860
15720829114
18362967843
15951864090
15251888277
15261876484
18795465345
18261146152
18795967050
18261141272
15062218969
18761843327
14705147670
18248785912
15251828997
18761645897
18795965589
15251831693
15295580342
15195998945
15250988594
15295539441
15951964106
15205191050
13401949653
13914711034
15724871760
13675122416
13585148142
18252011844
15195983889
15251829153
13851942067
18351899495
13584043612
15295583406
15295524510
18761644548
15295536842
18752024753
13770541484
15195995646
15251888496
18260408804
18261145332
15295536841
18260416402
13921435915
13675121497
15850586045
18795967206
15295554541
15751874290
18724001898
18752024607
13404130175
15724871582
15250988245
13645197483
15195995147
15295507342
13814543187
18795965985
18761843290
18260410325
15724874010
18260417475
18795965986
15724873095
15062219312
13585142371
15205199790
15251898229
13404163918
13585148112
15861812447
14751770076
15951907849
13815411401
18795465350
18261141254
18260408903
18761646062
18248791837
15295580024
15951964195
15250989454
18795965772
18351899496
18751845622
18761672646
15195995674
15295536849
18260416471
13815416645
15850586124
13675126471
13776643589
15751874248
15724871603
13645197419
15295507246
15951814721
18248793151
15261874830
18761879183
15724873270
13404133368
18248796160
15861812430
14751770829
15720828945
13914710734
15261876546
18761841194
18795972737
15252465840
18252017348
18761645921
13585148374
15251878285
15720614052
15295539467
15951964200
15205192195
13401949675
15250987349
18252011940
18795966801
15295583423
13404135971
15295536499
18761674022
15205168024
18260408858
18261145597
13815416569
15295599524
15261874787
15720614215
18724001844
18752024582
13404151703
18752024489
15251860421
15295507244
18795966067
13584054263
18761840797
18248791575
18252040566
18795965696
18795965069
13770940985
18795965760
15077860347
18248795510
15895872614
15861812429
13404174866
15261874743
15951850574
15252465256
13770629149
15251885782
15295539504
18261146233
15251888467
15205195740
18252040722
15205182082
18751842061
14705156442
18260408853
18795966592
18761646201
18761676840
15205193285
15252466839
15724874661
18205184650
15195993364
15295539450
15951964201
15251886881
13401949680
13914712530
13585147657
18252011449
15252465892
13584054174
15996266547
13584045220
18260024354
18751846574
13401948495
15295536549
18761674063
15850586456
15195994702
15805180409
18260408799
15720824981
13404155054
13815412613
18761679942
15850586426
15720821640
15077861054
15261874764
15720614293
18252037884
18260418198
18724002154
18752024562
15724871622
15295534119
13921431407
15295507240
13814543351
18795966150
13584054259
18761841900
15805189176
15205191502
18795967156
13451841846
18261146298
13404164100
14705153039
18761645833
18795963891
15295539447
15252491077
13815400409
13404155051
13914712427
13404151309
15261876525
18261146207
18260041322
18751844460
18761646452
15951852845
15951821641
18795962765
13815400396
13405874569
15062221537
18795965585
18724002137
15724871829
15251860845
18795963660
18761842387
15094305296
18795960409
18761879179
13451841712
15251868047
15251846605
18248795499
15205184642
18761646205
15861813340
15724880537
15951824264
15062275946
13914712385
15850586747
15951856494
18205182414
15295536525
13815400552
15295509747
13585140052
13405874416
13645199020
15205160604
15720828467
15251830748
15050587943
15251861344
13584054280
18795964143
18795965523
15251869040
13404174927
18260063741
13815412687
18260002847
15251856754
18261142081
15724878875
18761843293
15724870391
18205175564
18252023437
15295528225
15251894495
13814546639
18795966270
18351887734
18248795042
13404135574
13815400454
18351888994
15252462174
15720824926
13914715821
18795973920
15720614305
15252463925
13404131242
15050588542
15805189509
13584054341
15094305373
13401943129
18795973861
18795973492
15251868834
13404174879
15251894536
13701450035
15251858041
15251884118
18761645572
18252046720
15251888975
18761646407
15861813540
15805189475
18205175643
15295528140
18795960163
15951854846
15252491246
15951856694
18761845792
15295536844
13815414781
18260408725
13405878229
18351888241
15205191007
18252045179
13645199165
13914741141
18761842702
13401941074
15251832427
15205193429
18248793245
18260002747
18248792164
15861813542
18795963677
15252466192
13701455325
18362969384
18260064003
18205175641
15251888579
15261867345
13770830574
13584052763
13701464050
18795961457
15251878592
13815413723
15951864084
18761844180
13404166395
13815400391
13815412839
13401949739
13405874391
13815416593
15050588545
13404155028
13404132236
18260002546
18205148314
18260418820
18761645829
15251897191
15252466506
18752020349
13814541747
18252043909
13815400390
13404138045
15951814602
13404173313
18362969154
15251856784
18260418780
18761645874
15252466829
15251829740
13815400356
13401949746
13404138217
15251888175